;comment
[rotate]
matrix=0,0,1,0,1,0,-1,0,0

[trans]
x = 0.1645
y = 0.0002
z = -0.004

[check angle]
roll = 0.25569
pitch = -0.27103
heading = -0.00771